+-----------+------------------------+----------------------+----------------+
|N          | Java Re-implementation | Naive Implementation |           Java |
|-----------+------------------------+----------------------+----------------|
|1          |               0.001042 |             0.001000 |       0.002000 |
|2          |               0.001000 |             0.002584 |       0.001458 |
|4          |               0.001000 |             0.001125 |       0.001875 |
|8          |               0.001541 |             0.001625 |       0.002875 |
|16         |               0.003416 |             0.002791 |       0.004542 |
|32         |               0.010375 |             0.005000 |       0.008500 |
|64         |               0.037166 |             0.010084 |       0.014833 |
|128        |               0.144375 |             0.020959 |       0.031292 |
|256        |               0.085833 |             0.048333 |       0.069917 |
|512        |               0.336791 |             0.124792 |       0.030208 |
|1024       |               1.324084 |             0.066792 |       0.080666 |
|2048       |               2.460916 |             0.222916 |       0.256708 |
|4096       |               1.832125 |             0.858417 |       0.939208 |
|8192       |               7.105208 |             3.210334 |       3.487750 |
|16384      |              27.753333 |            12.938417 |      13.357833 |
|32768      |             109.985041 |            51.750458 |      53.459209 |
|65536      |             455.965959 |           223.217167 |     231.433166 |
|131072     |            1833.514792 |           916.736834 |     947.831208 |
|262144     |            7360.304667 |          3702.146333 |    3801.086000 |
|524288     |           30181.149000 |         14777.816042 |   15242.825125 |
+-----------+------------------------+----------------------+----------------+

